100000000001000000000000000101
1100000000000000000000000011
10000001000000000100000
100011101111011111111111110100
10101111101111110000000000000000
10101111101100000000000000000100
10101111101100010000000000001000
100000001000000000100000
100000000010010000000000000001
10010000000001111111111110110
10010000010011111111111110101
100010000001001111111111111111
1100000000000000000000000011
101000100000100000
100010000001001111111111111110
1100000000000000000000000011
10100010001000000100000
10001111101111110000000000000000
10001111101100000000000000000100
10001111101100010000000000001000
100011101111010000000000001100
11111000000000000000001000
100000000000100000000000000001
1000000000000000000000010001
100000000000100000000000000000
1000000000000000000000010001
